z<-c(1,1,1,1,1,1,1,1,1,1,1,1,1,1,1,1,1,1,1,1,1,1,1,1,1,1,1,1,1,1,1,1,1,1,1,1,1,1,1,1,1,1,1,1,1,1,1,1,1,1,1,1,1,1,1,1,1,1,1,1,1,1,1,1,1,1,1,1,1,1,1,1,1,1,1,1,1,1,1,1,1,1,1,1,1,1,1,1,1,1,1,1,1,1,1,1,1,1,2,2,2,2,2,2,2,2,2,2,2,2,2,2,2,2,2,2,2,2,2,2,2,2,2,2,2,2,2,2,2,2,2,2,2,2,2,2,2,2,2,2,2,2,2,2,2,2,2,2,2,2,2,2,2,2,2,2,2,2,2,2,2,2,2,2,2,2,2,2,2,2,2,2,2,2,2,2,2,2,2,2,2,2,2,2,2,2,2,2,2,2,2,2,2,2,2,2,2,2,3,3,3,3,3,3,3,3,3,3,3,3,3,3,3,3,3,3,3,3,3,3,3,3,3,3,3,3,3,3,3,3,3,3,3,3,3,3,3,3,3,3,3,3,3,3,3,3,3,3,3,3,3,3,3,3,3,3,3,3,3,3,3,3,3,3,3,3,3,3,3,3,3,3,3,3,3,3,3,3,3,3,3,3,3,3,4,4,4,4,4,4,4,4,4,4,4,4,4,4,4,4,4,4,4,4,4,4,5,5,5,5,5,5,5,5,5,5,5,5,5,5,5,5,5,5,5,5,5,5,5,5,5,5,5,5,5,5,5,5,5,5,5,5,5,5,5,5,5,5,5,5,5,5,5,5,5,5,5,5,5,5,5,5,5,5,5,5,5,5,5,5,5,5,5,5,5,5,5,5,5,5,5,5,5,5,5,5,5,5,5,5,5,5,5,5,5,5,5,5,5,5,6,6,6,6,6,6,6,6,6,6,6,6,6,6,6,6,6,6,6,6,6,6,6,6,6,6,6,6,6,6,6,6,6,6,6,6,6,6,6,6,6,6,6,6,6,6,6,6,6,6,6,6,6,6,6,6,6,6,6,6,6,6,6,6,6,6,6,6,6,6,6,6,6,6,6,6,6,6,6,6,6,6,6,6,6,6,6,6,6,6,6,6,6,6,6,6,6,6,8,8,8,8,8,8,8,8,8,8,8,8,8,8,8,8,8,8,8,8,8,8,8,8,8,8,8,8,8,8,8,8,8,8,8,8,8,8,8,8,8,8,8,8,8,8,8,8,8,8,8,8,8,8,8,8,8,8,8,8,8,8,8,8,8,8,8,8,8,8,8,8,8,8,8,8,8,8,8,8,8,8,8,8,8,8,8,8,8,8,8,8,8,8,8,8,8,8,8,8,8,8,8,8,8,8,9,9,9,9,9,9,9,9,9,9,9,9,9,9,9,9,9,9,9,9,9,9,9,9,9,9,9,10,10,10,10,10,10,10,10,10,10,10,10,10,10,10,10,10,10,10,10,10,10,10,10,10,10,10,10,10,10,10,10,10,10,10,10,10,10,10,10,10,10,10,10,10,10,10,10,10,10,10,10,10,10,10,10,10,10,10,10,10,10,10,10,10,10,10,10,10,10,10,10,10,10,10,10,10,10,10,10,10,10,10,11,11,11,11,11,11,11,11,11,11,11,11,11,11,11,11,11,11,11,11,11,11,11,11,11,11,11,11,11,11,11,11,11,11,11,11,11,11,11,11,11,11,11,11,11,11,11,11,11,11,11,11,11,11,11,11,11,11,11,11,11,11,11,11,11,11,11,11,11,11,11,11,11,11,11,11,11,11,11,11,11,11,11,11,11,11,11,11,11,11,11,11,11,11,11,12,12,12,12,12,12,12,12,12,12,12,12,12,12,12,12,12,12,12,12,12,12,12,12,12,12,12,12,12,12,12,12,12,12,12,12,12,12,12,12,12,12,12,12,12,12,12,12,12,12,12,12,12,12,12,12,12,12,12,12,12,12,12,12,12,12,12,12,12,12,12,12,12,12,12,12,12,12,12,12,12,12,13,13,13,13,13,13,13,13,13,13,13,13,13,13,13,13,13,13,13,13,13,13,13,13,13,13,13,13,13,13,13,13,13,13,13,13,13,13,13,13,13,13,13,13,13,13,13,13,13,13,13,13,13,13,13,13,13,13,13,13,13,13,13,13,13,13,13,13,13,13,13,13,13,13,13,13,13,13,13,13,13,13,13,13,13,13,13,13,13,13,13,13,13,13,13,13,13,13,13,13,13,13,13,13,13,13,13,13,13,14,14,14,14,14,14,14,14,14,14,14,14,14,14,14,14,14,14,14,14,14,14,14,14,14,14,14,14,14,14,14,14,14,14,14,14,14,14,14,14,14,14,14,14,14,14,14,14,14,14,14,14,14,14,14,14,14,14,14,14,14,14,14,14,14,14,14,14,14,14,14,14,14,14,14,14,14,14,14,14,14,14,14,14,14,14,14,14,14,14,14,14,14,14,14,14,14,14,14,14,14,14,14,14,14,14,14,14,14,14,14,14,14,14,14,14);
x<-c(413,417,417,419,419,420.286,420,420,411,411,411,401,391,390.75,389,385,385,375,376,387.094,384.843,379.864,379,378.605,385,384,384,369.793,367.545,376,376,378,378,378,372.77,366.98,366,366,366,356,356,348,348,348,333,333,319,319,312,312,311.575,310,309,308.167,299,298,298,297.111,294,297,303,307,311.474,317,317,321,321,321,321,338.742,331,330,330,331,337,339,339,342,342,342,356,356,366,366,379,382,382,392,392,405,409.8,NA,340,331.75,333.324,340.676,340,340,478,478.643,479.429,480,482,486,488,497.839,513.943,511,511,514.523,515,515,513.5,512,503.444,498,498,495,495,495,492,492,491.429,490,490,478,478,477.5,476.5,475,470.462,452.695,443.4,441.638,441,441,435.25,430.6,428,426,426,423,423,422,418,418,418,409.383,403,388.292,387,387,381,381,371,371,360,359,360,363,371.284,367.334,372.256,378.591,380.917,380,380,380,380,388.854,384,384,384,382,381,381,386.268,398,398,410,410.824,416.857,418,438.008,440,441,441,452.818,454.333,471,NA,517,517,517,517,515.833,515.3,518.231,432,432,445,445,451,469,469,478,478,488.022,504,510,510,526.112,528,528,528,537,537,541,541,541,540,534,534,534,529.39,520.478,515.3,525,525,525,523,519,519,516,515.615,511,511,513.943,497.839,488,486,482,480,479.429,478.643,478,471,454.333,452.818,441,441,440,438.008,418,416.857,404.222,394,394,394,389,384,382,383,387.094,376,375,385,385,389,390.75,391,402,402,409,409,409,421.639,419,419,420,424,424,424,432,403,413,413,413,413,398,395,395,379,383,384,384,386,386,NA,348,348,348,351,351,347,343.714,263,264,264,280,292,300,300,308,308,321,321,322,329,334.625,344.667,357,357,360,373,378,379,380.91,381.958,383.441,384,383.477,382,382,379,366,366,356,356,342,342,342,339,339,337,334.13,333,332,329,329,327,327,318.161,316.607,303.217,292.554,275,275,267,264,263,247,247,245,242,242,237,234,229,222,221.556,221,221,226,227,233,233,240.565,234.556,227,217,211,229,229,231,245,255.375,256.951,256,256,256,258.516,256.416,250,250,248,248,255,255,257,382,382,392,392,396,402,402,416.389,418.828,430,430,430,449,450,455,455,457,463.667,480.652,484,486,504,504,505,506,504,504,509,509,509,509,511,511,510,510,502.527,499.341,499.762,515.171,517,517,516,518,518.375,514,514,514,503.6,491,491,478.043,465.051,468,468,468,468,468,452.889,449,449,449,444,444,430,430,430,424.5,419,408.571,402,399,394,394,391.727,381,381,380,371,371,371,376.452,369,369,359,358,358,353.5,349,348,348,350,352,352,353,353,367,367,367,581,581,581,593,594,594,594,602,602,615,615,618,618,621,624,626,633.667,642,642,646,646,647,649.909,651,655,655,653.462,653,653,651,650,650,646,646,642,642,629,629,629,624,624,622,617,617,605,604,591,577,570,570,570,567,566,551.655,549.5,548,548,538.211,533,533,526.492,512,511,511,504,501.261,504,503,501,501,496,496,496,490.333,483,476,476,476,469.222,467.522,465.051,478.043,491,491,503.6,514,514,514,518.375,518,517,517,518,520,534.667,540,545,546,548,552.444,555,556,558,558,562,566,529,529,532,545.636,559,559,559,558.833,557,557,552.444,548,548,546,545,540,540,534.667,520,518,518,516,517,517,517,525,526,561,581,587,587,601.424,608,608,609,610.321,623,623,630,633,633,636,637,637,637.667,640,640,639,635,635,622,622,613.293,601,588,588,584,583,583,578,571,571,570.2,566,562,558,558,557.087,555.762,557,557,559,559,545.636,532,529,529,526,525,517,517,516.406,516.406,517,517,515.171,499.762,499.341,502.527,510,510,511,511,509,509,509,509,504,504,506,505,504,512,520.387,535.75,540,540,540,556,558,483,490.333,496,496,496,501,501,503,503,504,501.261,504,511,511,512,526.492,533,533,538.211,548,548,548,550,546,546,544,544,555,555,556,557,557,557,557,556,555,550,550,550,543,543,543,542.077,537.12,537,537,528,528,528,526.112,510,510,504,488.022,478,478,469,469,451,445,445,432,432,432,424,419,413,409,410,411,411,410,415,416,419.661,418,418,418,422,424,424,432,432,432,447,449,449,449,451.531,468,468,468,476,476,476,312,312,317,318,322.186,337,337,350,350,355,355,357.057,358,353,353,353,353,351.286,349,339,339,325.568,330,350,334,334,334,323,323,323,318,318,307,307,297.913,292,280.25,279.89,264,264,263,257,255,255,248,248,248.957,248,245,245,238,221.2,219,212,203.43,189,179,179,173,172,172,173,180,180,197,203.286,206.295,214,224.508,241,242,246,248,263,263,268.29,281,291,291,305,305,307,178,181.65,192.815,201,217.2,221,235.955,242,254,270,270,277,277,281,290,290,294,294,295.358,306.138,314.16,322,322,330,349,349,351,351.889,350,348,348,349,353.5,358,358,359,369,369,376.452,371,371,371,371.763,368,368,368,361,361,353,353,353,344,344,340,340,335.738,330,330,326.333,311.065,299.080,296,296,279,277,277,269,254,246,245,244,243,232.714,224,222,220,218.98,211.422,205,205,205,191.667,185,177,177,168.568,159.097,148,148,136,135,134,134,136,137,144,144,145.818,158.023,168,170,171,NA,91,92,92,91,87,88,381,381,382,NA,382,382,382.951,NA,372.636,371,371,371,380,381,381,391.727,394,394,399,402,408.571,419,424.5,430,430,430,444,444,449,449,449,449,449,448.778,447,432,432,432,424,424,422,418,418,418,419.661,416,415,410,411,411,410,409,409.167,409,407.833,405,392,392,383.477,384,383.441,381.958,380.91,379,378,373,360,357,357,344.667,334.625,329,322,321,321,315.69,316,320.762,322.286,323,323,323,334,334,334,350,330,325.568,339,339,349,353,353,353,353,358,357.057,355,355,354.494,354.888,353,353,353,353,353.558,361,361,368,368,368,371.763,371,371,371,372.636);
