z<-c(4,4,4,4,4,4,4,4,4,4,4,4,4,4,4,4,4,4,4,4,4,4,4,4,4,4,4,4,4,4,4,4,4,4,4,4,4,4,4,4,4,4,4,4,4,4,4,4,4,4,4,4,4,4,4,4,4,4,4,4,4,4,4,4,4,4,4,4,4,4,4,4,4,4,4,4,4,4,4,4,4,4,4,4,4,4,4,4,4,4,4,4,4,4,4,4,4,4,4,4,4,4,4,4,4,4,4,4,4,4,4,4,4,4,4,4,4,7,7,7,7,7,7,7,7,7,7,7,7,7,7,7,7,7,7,7,7,7,7,7,7,7,7,7,7,7,7,7,7,7,7,7,7,7,7,7,7,7,7,7,7,7,7,7,7,7,7,7,7,7,7,7,7,7,7,7,7,7,7,7,7,7,7,7,7,7,7,7,7,7,7,7,7,7,7,7,7,7,7,7,7,7,7,7,7,7,7,7,7,7,7,7,7,7,7,7,7,7,7,7,7,7,7,7,7,7,7,7,7,7,7,7,7,7,7,7,7,7,7,7,7,7,7,7,7,7,7,7,7,7,7,7,7,7,7,7,7,7,7,7,7,7,7,7,7,7,7,7,7,7,7,7,7,7,7,7,7,7,7,7,7,7,7,7,7,7,7,7,7,7,7,7,7,7,7,7,7,7,7,7,7,7,7,7,7,7,7,7,7,7,7,7,7,7,7,7,7,7,7,7,7,7,7,7,7,7,7,7,7,7,7,7,7,7,7,7,7,7,7,7,7,7,7,7,7,7,7,7,7,7,7,7,7,7,7,7,7,7,7,7,7,7,7,7,7,7,7,7,7,7,7,7,7,7,7,7,7,7,7,7,7,7,7,7,7,7,7,7,7,7,7,7,7,7,7,7,7,7,7,7,7,7,7,7,7,7,7,7,7,7,7,7,7,7,7,7,7,7,7,7,7,7,7,7,7,7,7,7,7,7,7,7,7,7,7,7,7,7,7,7,7,7,7,7,7,7,7,7,7,7,7,7,7,7,7,7,7,7,7,7,7,7,7,7,7,7,7,7,7,7,7,7,7,7,7,7,7,7,7,7,7,7,7,7,7,7,7,7,7,7,7,7,7,7,7,7,7,7,7,7,7,7,7,7,7,7,7,7,7,7,7,7,7,7,7,7,7,7,7,7,7,7,7,7,7,7,7,7,7,7,7,7,7,7,7,7,7,7,7,7,7,7,7,7,7,7,7,7,7,7,7,7,7,7,7,7,7,7,7,7,7,7,7,7,7,7,7,7,7,7,7,7,7,7,7,7,7,7,7,7,7,7,7,7,7,7,7,7,7,7,7,7,7,7,7,7,7,7,7,7,7,7,7,7,7,7,7,7,7,7,7,7,7,7,7,7,7,7,7,7,7,7,7,7,7,7,7,7,7,7,7,7,7,7,7,7,7,7,7,7,7,7,7,7,7,7,7,7,7,7,7,7,7,7,7,7,7,7,7,7,7,7,7,7,7,7,7,7,7,7,7,7,7,7,7,7,7,7,7,7,7,7,7,7,7,7,7,7,7,7,7,7,7,7,7,7,7,7,7,7,7,7,7,7,7,7,7,7,7,7,7,7,7,7,7,7,7,7,7,7,7,7,7,7,7,7,7,7,7,7,7,7,7,7,7,7,7,7,7,7,7,7,7,7,7,7,7,7,7,7,7,7,7,7,7,7,7,7,7,7,7,7,7,7,7,7,7,7,7,7,7,7,7,7,7,7,7,7,7,7,7,7,7,7,7,7,7,7,7,7,7,7,7,7,7,7,7,7,7,7,7,7,7,7,7,7,7,7,7,7,7,7,7,7,7,7,7,7,7,7,7,7,7,7,7,7,7,7,7,7,7,7);
x<-c(228.537,234,234,245,245,245,263,269,277,277,293.889,297,297,297,297,317,328,328,332,332,343.73,352,352,352,359,370,370,376,376,376,385,385,384,383,383,387.8,393,396,396,394,392,392,374.5,372,372,359.933,357,357,362,363,358,358,348,344,342,333,333,327.4,319,319,316.653,312,301,301,301,301,294,294,294,278.711,265,265,260,260,260,251,251,238,238,238,234,236,236,236,220,220,218,218,217,217,217,222,229.619,226,226,220,220,218.182,210,210,204.393,198,197,196,197,199,199,206.049,209,213,NA,250,239.538,248.651,254.127,250,250,440,443,443,450,450,448.023,456,456,456,468,468,455.81,462,462,463,463,464,461,453,453,446,446,446,436,436,436,423,423,423,428.858,420.217,417,417,419,422,422,436,436,437,437,438,438,438,440,NA,458,458,465.5,458,NA,173,173,175,178.031,195,195,195,203,203,204,205,205,202.75,217,217,217.173,217.689,216.25,217.944,218,218,220,220,236,236,236,234,238,238,238,249.103,250.709,254.751,256,256,266.323,278.711,280.029,288.625,291.102,294,294,294,301,301,312,316.653,319,319,327.4,333,333,342,344,345.385,347,347,357,357,364,364,364,368,372.474,381,381,383,383,386,386,387,388.895,396,396,396,397,399.525,401.417,409,413,413,413,413,413,409,409,409,404,400,396,396,392,382,381,381,376.325,365.417,359,359,349,346,335.93,323,323,321,310,310,304.072,289.28,292,293,288.136,290.722,303,303,303,311,311,311,314.542,327,327,332,332,334,337,338,338,336.095,337.2,345,345,345,347.647,358,358,367,367,367,367,373,376,367,367,362.807,360.278,349,349,344,342,344,334,325,325,324,323,323,328.5,327,327,309,309,302,302,287,282,282,282,267.25,257,257,257,243.364,239,235,220.774,219,219,219,216,214,201,201,196,197.421,187,187,180,180,174,174,174,173,173,173,173,173,173,173,161,161,161,149,144,141,122,122,112,112,116,116,116,125.276,132,140,145,140,148.96,156,147,162.522,162.244,152.539,142,143,137.48,122,122,122,122,135,141.229,134.857,131,128,127,130,130,138,138,138,153,153,161.534,162.55,173,173,173,176.238,172.817,164,164,163,159.615,146.529,142,134,134,141,123,123,122,116,116,116,116,129,129,129,140,140,144,144,144,144,164,164,146,152,155.445,170.59,165,164,164,165.76,163,166,166,172,172,172,NA,328,331,340.297,334.065,NA,69,71,79,79,77.356,83,86,90.31,96,96,105.405,115.143,122,122,122,138,138,141,153,153,155,155,155,157,154,154,154,154,153,151,151,141,141,141,126,126,119,119,104,104,100,99,99,99,112.067,99.244,98,101,91,85,85,72,72,70,70.533,72,75.22,74,73,73.415,69.32,66,64,63,63,NA,256,265,269,270,281.246,288.214,278,289,289,289,301,306.333,306.333,301,307,307,307,301,286,292,292,292,277,277,270.481,NA,241,232,232,232,241,223.515,223.537,234,234,230.765,237.348,243,243,243,256,256,253,252,253,245.253,NA,279,278,270,269,265,NA,317,317,317,NA,286,278,279,292,NA,225,225,225,225,NA,122,120.566,127.25,132,122,122,NA,235,222.735,220.338,219.837,218.875,217,224.567,235,235,243,243,243,252,252,252,243,235,235,NA,195,205.543,213.483,218.412,202,NA,279.695,286.11,296.053,291.024,NA,179,179,179,179,179,191.433,201.149,190.529,NA,193,190,189,185,190.927,206,195,196,195,195,200,200,200,212,214.991,214.991,212,229,229,229,231,229.232,212,229,229,229,238,229.588,227,209,209,210,210,210,210,209,206,211.867,200.963,189,190,193,193,193,NA,249,255.904,270.82,274,274,279.404,270,270,261.25,NA,315,315,315,NA,231,226,241,225.549,219,226.532,241,236,231,231,235.875,246.692,255,253,257,257,257,257,260.75,255.154,251.952,241,242,231,231,NA,283,283,283,269.663,263.33,269.061,276,284,290.759,299,299,299,314.78,309,309,300,300,300,288.713,NA,147,157.278,164.638,163.18,162.846,NA,333,347.676,357.15,357.524,345.25,NA,333,333,333,333,NA,328,328,328,328,NA,180,180,180,NA,122,122,116,NA,103,103,108,116,100.063,97,97,95,94,94,95,96,98,NA,184,184,184,184,NA,246,246,246,246,NA,216,216,216,216,NA,281,281,281,NA,154,154,154,154,154,154,NA,213.857,220,220,220,227.638,221.209,NA,140,139,139,136,134,134,134);
