z<-c(5,5,5,5,5,5,5,5,5,5,5,5,5,5,5,5,5,5,5,5,5,5,5,5,5,5,5,5,5,5,5,5,5,5,5,5,5,5,5,5,5,5,5,5,5,5,5,5,5,5,5,5,5,5,5,5,5,5,5,5,5,5,5,5,5,5,5,5,5,5,5,5,5,5,5,5,5,5,5,5,5,5,5,5,5,5,5,5,5,5,5,5,5,5,5,5,5,12,12,12,12,12,12,12,12,12,12,12,12,12,12,12,12,12,12,12,12,12,12,12,12,12,12,12,12,12,12,12,12,12,12,12,12,12,12,12,12,12,12,12,12,12,12,12,12,12,12,12,12,12,12,12,12,12,12,12,12,12,12,12,12,12,12,12,12,12,12,12,12,12,12,12,12,12,12,12,12,12,12,12,12,12,12,12,12,14,14,14,14,14,14,14,14,14,14,14,14,14,14,14,14,14,14,14,14,14,14,14,14,14,14,14,14);
x<-c(263,264,264,264,280,292,300,300,300,308,308,308,321,321,322,327,330,330,330,330,331,330,330,330,328.645,337.75,346,346,351,350,350,340.704,338,338,336,334,332,332,323.333,312,312,310,304,304,292.554,275,275,275,267,264,264,264,263,247,247,245,242,242,242,237,234,229,229,222,221.556,221,221,226,227,227,227,233,233,233,240.565,234.556,227,217,211,229,229,231,245,255.375,256.951,256,256,256,258.516,256.416,250,250,248,248,255,255,257,312,312,317,318,322.186,337,337,350,350,354,354,354,353,353,353,353,353,353,353,353,343.5,339,339,325,325,333,334,334,334,320.765,317,317,314,314,307,307,297.913,292,280.25,279.89,264,264,264,263,257,255,255,248,248,248.957,248,245,245,238,238,221.2,219,212,203.43,189,179,179,173,172,172,173,173,180,180,197,197,203.286,206.295,214,224.508,241,242,246,248,263,263,268.29,281,291,291,305,305,307,328,329,332,332,332,332,331.015,334,334,334,333,330.937,330,330,330,330,327,322,321,321,315.69,316,NA,326,326,326,325,325);
y<-c(263,264,264,264,274,274,279,279,279,283,283,283,289,289,290,304,311,311,311,311,316,318,318,318,320.129,336.062,334,334,337,343,343,355.085,365,365,368,370,371,371,375.333,384,384,384,383,383,379.821,384,384,384,381.818,381,381,381,381,392,392,393,394,394,394,394,393,391,391,383,382.111,381,381,375,374,374,374,368,368,368,354.551,346.037,341,331,321,324,324,325,333,322.625,308.439,304,304,303,292.935,279.634,266,266,262,262,261,261,261,166,166,167,168,172.947,182,182,187,187,191,191,192,206,209,209,215,215,215,215,215,221.909,226,226,233.7,251,263,271,272,272,278.176,281,281,282,282,281,281,277.696,274,274,273.932,264,264,264,263,261,261,261,262,262,263.913,264,263,263,260,260,251.6,251,247,241.547,239,231,231,227,225,224,209,209,202,202,193,193,195.286,195.486,196,203.706,188,187,185,185,187,187,187.962,176,168,168,165,165,165,289,290,294,294,296,296,297.084,314,314,314,315,315.688,311,311,311,311,304,290,289,289,286.549,285,NA,251,251,251,250.5,246);
